# Camera list with one line of data per camera:
#   CAMERA_ID, MODEL, WIDTH, HEIGHT, PARAMS[] == (focal_length, principal_focal_point_x , principal_focal_point_y, some_param_for_radial_cam)
# Number of cameras: 400
1 SIMPLE_RADIAL 1920 1080 1534.66 960 540 0.0140671
2 SIMPLE_RADIAL 1920 1080 1534.49 960 540 0.0139212
393 SIMPLE_RADIAL 1920 1080 1540.53 960 540 0.00954262
3 SIMPLE_RADIAL 1920 1080 1534.4 960 540 0.0143272
4 SIMPLE_RADIAL 1920 1080 1534.25 960 540 0.0145153
387 SIMPLE_RADIAL 1920 1080 1542.3 960 540 0.0100258
5 SIMPLE_RADIAL 1920 1080 1534.96 960 540 0.0140824
6 SIMPLE_RADIAL 1920 1080 1535.49 960 540 0.0147377
397 SIMPLE_RADIAL 1920 1080 1539.75 960 540 0.00890182
7 SIMPLE_RADIAL 1920 1080 1534.88 960 540 0.0143071
8 SIMPLE_RADIAL 1920 1080 1533.27 960 540 0.0145636
9 SIMPLE_RADIAL 1920 1080 1533.64 960 540 0.0144342
10 SIMPLE_RADIAL 1920 1080 1533.33 960 540 0.0147321
11 SIMPLE_RADIAL 1920 1080 1533.74 960 540 0.0138221
12 SIMPLE_RADIAL 1920 1080 1534.12 960 540 0.0138423
395 SIMPLE_RADIAL 1920 1080 1541.01 960 540 0.0089673
13 SIMPLE_RADIAL 1920 1080 1533.74 960 540 0.0139977
14 SIMPLE_RADIAL 1920 1080 1533.84 960 540 0.0133258
15 SIMPLE_RADIAL 1920 1080 1533.21 960 540 0.01364
16 SIMPLE_RADIAL 1920 1080 1532.22 960 540 0.0145498
17 SIMPLE_RADIAL 1920 1080 1533.5 960 540 0.0138414
18 SIMPLE_RADIAL 1920 1080 1537.97 960 540 0.0119413
19 SIMPLE_RADIAL 1920 1080 1538.24 960 540 0.0123927
20 SIMPLE_RADIAL 1920 1080 1538.48 960 540 0.0121526
21 SIMPLE_RADIAL 1920 1080 1537.52 960 540 0.0137535
22 SIMPLE_RADIAL 1920 1080 1538.36 960 540 0.0143553
23 SIMPLE_RADIAL 1920 1080 1536.75 960 540 0.0132742
24 SIMPLE_RADIAL 1920 1080 1535.09 960 540 0.0155482
25 SIMPLE_RADIAL 1920 1080 1531.53 960 540 0.0169514
26 SIMPLE_RADIAL 1920 1080 1534.67 960 540 0.015208
27 SIMPLE_RADIAL 1920 1080 1539.02 960 540 0.0125425
28 SIMPLE_RADIAL 1920 1080 1537.96 960 540 0.013359
29 SIMPLE_RADIAL 1920 1080 1535.37 960 540 0.0162682
30 SIMPLE_RADIAL 1920 1080 1534.67 960 540 0.0161597
31 SIMPLE_RADIAL 1920 1080 1531.81 960 540 0.0152138
32 SIMPLE_RADIAL 1920 1080 1532.99 960 540 0.0174866
33 SIMPLE_RADIAL 1920 1080 1530.57 960 540 0.0193812
34 SIMPLE_RADIAL 1920 1080 1531.5 960 540 0.0176155
35 SIMPLE_RADIAL 1920 1080 1533.08 960 540 0.0128795
36 SIMPLE_RADIAL 1920 1080 1534.51 960 540 0.011881
37 SIMPLE_RADIAL 1920 1080 1533.44 960 540 0.0123256
38 SIMPLE_RADIAL 1920 1080 1533.77 960 540 0.0123981
39 SIMPLE_RADIAL 1920 1080 1533.41 960 540 0.0119734
40 SIMPLE_RADIAL 1920 1080 1533.12 960 540 0.012208
41 SIMPLE_RADIAL 1920 1080 1532.5 960 540 0.0121511
42 SIMPLE_RADIAL 1920 1080 1533.1 960 540 0.0122663
43 SIMPLE_RADIAL 1920 1080 1533.13 960 540 0.0117809
44 SIMPLE_RADIAL 1920 1080 1533.44 960 540 0.0108499
45 SIMPLE_RADIAL 1920 1080 1533.04 960 540 0.0115843
46 SIMPLE_RADIAL 1920 1080 1531.86 960 540 0.0118893
47 SIMPLE_RADIAL 1920 1080 1532.71 960 540 0.0117096
48 SIMPLE_RADIAL 1920 1080 1532.64 960 540 0.0115081
49 SIMPLE_RADIAL 1920 1080 1532.03 960 540 0.0121863
50 SIMPLE_RADIAL 1920 1080 1532.32 960 540 0.0119272
51 SIMPLE_RADIAL 1920 1080 1531.92 960 540 0.0125847
52 SIMPLE_RADIAL 1920 1080 1532.45 960 540 0.0119268
53 SIMPLE_RADIAL 1920 1080 1532.52 960 540 0.0126457
54 SIMPLE_RADIAL 1920 1080 1532.87 960 540 0.0120159
55 SIMPLE_RADIAL 1920 1080 1533.32 960 540 0.0118274
56 SIMPLE_RADIAL 1920 1080 1533.65 960 540 0.0114068
391 SIMPLE_RADIAL 1920 1080 1541.36 960 540 0.00955156
57 SIMPLE_RADIAL 1920 1080 1534.76 960 540 0.0101037
58 SIMPLE_RADIAL 1920 1080 1534.69 960 540 0.0101341
385 SIMPLE_RADIAL 1920 1080 1542.76 960 540 0.00995028
59 SIMPLE_RADIAL 1920 1080 1533.99 960 540 0.0110969
60 SIMPLE_RADIAL 1920 1080 1533.76 960 540 0.0112791
61 SIMPLE_RADIAL 1920 1080 1532.9 960 540 0.012556
62 SIMPLE_RADIAL 1920 1080 1532.43 960 540 0.0129504
389 SIMPLE_RADIAL 1920 1080 1542.19 960 540 0.00972295
63 SIMPLE_RADIAL 1920 1080 1532.43 960 540 0.0128663
64 SIMPLE_RADIAL 1920 1080 1532.9 960 540 0.011995
65 SIMPLE_RADIAL 1920 1080 1532.58 960 540 0.0119224
66 SIMPLE_RADIAL 1920 1080 1533.41 960 540 0.0109104
67 SIMPLE_RADIAL 1920 1080 1532.93 960 540 0.0116891
68 SIMPLE_RADIAL 1920 1080 1532.67 960 540 0.0116185
69 SIMPLE_RADIAL 1920 1080 1532.56 960 540 0.0117948
70 SIMPLE_RADIAL 1920 1080 1532.1 960 540 0.0123908
71 SIMPLE_RADIAL 1920 1080 1531.82 960 540 0.0123719
72 SIMPLE_RADIAL 1920 1080 1531.28 960 540 0.0129676
73 SIMPLE_RADIAL 1920 1080 1530.49 960 540 0.0131404
74 SIMPLE_RADIAL 1920 1080 1530.27 960 540 0.0132368
75 SIMPLE_RADIAL 1920 1080 1529.69 960 540 0.0134511
76 SIMPLE_RADIAL 1920 1080 1529.36 960 540 0.0127848
77 SIMPLE_RADIAL 1920 1080 1528.07 960 540 0.0125222
78 SIMPLE_RADIAL 1920 1080 1527.9 960 540 0.0114895
79 SIMPLE_RADIAL 1920 1080 1527.21 960 540 0.010632
80 SIMPLE_RADIAL 1920 1080 1526.42 960 540 0.00991397
81 SIMPLE_RADIAL 1920 1080 1525.25 960 540 0.0105601
82 SIMPLE_RADIAL 1920 1080 1525.08 960 540 0.00912217
83 SIMPLE_RADIAL 1920 1080 1525.31 960 540 0.00748069
84 SIMPLE_RADIAL 1920 1080 1525.76 960 540 0.00547519
85 SIMPLE_RADIAL 1920 1080 1525.03 960 540 0.00440986
86 SIMPLE_RADIAL 1920 1080 1524.09 960 540 0.00428198
87 SIMPLE_RADIAL 1920 1080 1522.85 960 540 0.00414132
88 SIMPLE_RADIAL 1920 1080 1526.12 960 540 0.00345074
89 SIMPLE_RADIAL 1920 1080 1531.26 960 540 0.0013806
90 SIMPLE_RADIAL 1920 1080 1541.31 960 540 -0.00669002
91 SIMPLE_RADIAL 1920 1080 1519.59 960 540 0.00670639
92 SIMPLE_RADIAL 1920 1080 1519.68 960 540 0.00694716
93 SIMPLE_RADIAL 1920 1080 1522.95 960 540 0.00346399
94 SIMPLE_RADIAL 1920 1080 1517.92 960 540 -0.00515489
95 SIMPLE_RADIAL 1920 1080 1514.91 960 540 -0.00667179
96 SIMPLE_RADIAL 1920 1080 1516.91 960 540 3.34407e-05
97 SIMPLE_RADIAL 1920 1080 1526.03 960 540 0.00487874
98 SIMPLE_RADIAL 1920 1080 1530.92 960 540 0.00470883
99 SIMPLE_RADIAL 1920 1080 1531.98 960 540 0.00343924
100 SIMPLE_RADIAL 1920 1080 1532.49 960 540 0.00279007
101 SIMPLE_RADIAL 1920 1080 1527.4 960 540 0.00283667
102 SIMPLE_RADIAL 1920 1080 1527.25 960 540 0.0020082
103 SIMPLE_RADIAL 1920 1080 1526.91 960 540 -0.000148601
104 SIMPLE_RADIAL 1920 1080 1526.43 960 540 -0.000842899
105 SIMPLE_RADIAL 1920 1080 1524.62 960 540 -0.000915818
106 SIMPLE_RADIAL 1920 1080 1524.49 960 540 -0.000719225
107 SIMPLE_RADIAL 1920 1080 1522.82 960 540 0.000685111
108 SIMPLE_RADIAL 1920 1080 1521.94 960 540 0.00315758
109 SIMPLE_RADIAL 1920 1080 1522.09 960 540 0.00466078
110 SIMPLE_RADIAL 1920 1080 1522.04 960 540 0.0070794
111 SIMPLE_RADIAL 1920 1080 1522.52 960 540 0.00607422
112 SIMPLE_RADIAL 1920 1080 1522.89 960 540 0.00709423
113 SIMPLE_RADIAL 1920 1080 1523.54 960 540 0.0070272
114 SIMPLE_RADIAL 1920 1080 1524.15 960 540 0.00748359
115 SIMPLE_RADIAL 1920 1080 1524.49 960 540 0.00725882
116 SIMPLE_RADIAL 1920 1080 1524.81 960 540 0.00697315
117 SIMPLE_RADIAL 1920 1080 1525.01 960 540 0.00646707
118 SIMPLE_RADIAL 1920 1080 1525.13 960 540 0.00622333
119 SIMPLE_RADIAL 1920 1080 1526.04 960 540 0.00597371
120 SIMPLE_RADIAL 1920 1080 1525.15 960 540 0.00737083
121 SIMPLE_RADIAL 1920 1080 1517.77 960 540 0.0112727
122 SIMPLE_RADIAL 1920 1080 1518 960 540 0.00941662
123 SIMPLE_RADIAL 1920 1080 1517.7 960 540 0.008929
124 SIMPLE_RADIAL 1920 1080 1518.62 960 540 0.00825016
125 SIMPLE_RADIAL 1920 1080 1518.73 960 540 0.00705622
126 SIMPLE_RADIAL 1920 1080 1521.23 960 540 0.00443024
127 SIMPLE_RADIAL 1920 1080 1520.82 960 540 0.00338971
128 SIMPLE_RADIAL 1920 1080 1521.57 960 540 0.00269938
129 SIMPLE_RADIAL 1920 1080 1521.92 960 540 0.00117475
314 SIMPLE_RADIAL 1920 1080 1526.95 960 540 0.0161669
130 SIMPLE_RADIAL 1920 1080 1521.71 960 540 0.000632625
131 SIMPLE_RADIAL 1920 1080 1522.21 960 540 -0.00124727
260 SIMPLE_RADIAL 1920 1080 1533.46 960 540 0.0156439
132 SIMPLE_RADIAL 1920 1080 1521.99 960 540 -0.000722321
133 SIMPLE_RADIAL 1920 1080 1523.38 960 540 -0.00109964
318 SIMPLE_RADIAL 1920 1080 1527.43 960 540 0.0139997
134 SIMPLE_RADIAL 1920 1080 1523.42 960 540 0.000779235
135 SIMPLE_RADIAL 1920 1080 1523.52 960 540 0.00339876
312 SIMPLE_RADIAL 1920 1080 1527.46 960 540 0.0157412
136 SIMPLE_RADIAL 1920 1080 1523.91 960 540 0.00376263
137 SIMPLE_RADIAL 1920 1080 1523.97 960 540 0.00438848
258 SIMPLE_RADIAL 1920 1080 1534.24 960 540 0.0155899
138 SIMPLE_RADIAL 1920 1080 1525 960 540 0.00449894
139 SIMPLE_RADIAL 1920 1080 1521.56 960 540 0.00595629
268 SIMPLE_RADIAL 1920 1080 1533.62 960 540 0.0139803
140 SIMPLE_RADIAL 1920 1080 1491.35 960 540 -0.00876318
141 SIMPLE_RADIAL 1920 1080 1479.96 960 540 -0.0105428
262 SIMPLE_RADIAL 1920 1080 1533.75 960 540 0.0152049
142 SIMPLE_RADIAL 1920 1080 1500.89 960 540 -0.101403
143 SIMPLE_RADIAL 1920 1080 1523.19 960 540 0.00532298
256 SIMPLE_RADIAL 1920 1080 1533.5 960 540 0.0148181
144 SIMPLE_RADIAL 1920 1080 1523.26 960 540 0.00446409
145 SIMPLE_RADIAL 1920 1080 1523.95 960 540 0.00392531
266 SIMPLE_RADIAL 1920 1080 1533.44 960 540 0.014613
146 SIMPLE_RADIAL 1920 1080 1524.25 960 540 0.00396644
147 SIMPLE_RADIAL 1920 1080 1523.63 960 540 0.00457692
276 SIMPLE_RADIAL 1920 1080 1531.41 960 540 0.0145043
148 SIMPLE_RADIAL 1920 1080 1524.7 960 540 0.00368617
149 SIMPLE_RADIAL 1920 1080 1525.7 960 540 0.00344503
270 SIMPLE_RADIAL 1920 1080 1533.39 960 540 0.013371
150 SIMPLE_RADIAL 1920 1080 1526.11 960 540 0.00286501
151 SIMPLE_RADIAL 1920 1080 1527.77 960 540 0.0020846
264 SIMPLE_RADIAL 1920 1080 1533.58 960 540 0.0149395
152 SIMPLE_RADIAL 1920 1080 1530.48 960 540 -0.000974689
153 SIMPLE_RADIAL 1920 1080 1506.64 960 540 0.00341504
274 SIMPLE_RADIAL 1920 1080 1532.34 960 540 0.0147411
154 SIMPLE_RADIAL 1920 1080 1487.46 960 540 0.0149472
155 SIMPLE_RADIAL 1920 1080 1493.82 960 540 0.0181727
284 SIMPLE_RADIAL 1920 1080 1533.86 960 540 0.0118305
156 SIMPLE_RADIAL 1920 1080 1505.41 960 540 0.0077969
157 SIMPLE_RADIAL 1920 1080 1502.26 960 540 0.00701997
278 SIMPLE_RADIAL 1920 1080 1528.14 960 540 0.0161825
158 SIMPLE_RADIAL 1920 1080 1500.19 960 540 0.00506717
159 SIMPLE_RADIAL 1920 1080 1494.96 960 540 0.00620556
272 SIMPLE_RADIAL 1920 1080 1540.34 960 540 0.00884048
160 SIMPLE_RADIAL 1920 1080 1485.51 960 540 0.00762246
161 SIMPLE_RADIAL 1920 1080 1488.1 960 540 0.00267635
162 SIMPLE_RADIAL 1920 1080 1488.45 960 540 -0.00191928
163 SIMPLE_RADIAL 1920 1080 1486.01 960 540 -0.00172178
292 SIMPLE_RADIAL 1920 1080 1532.76 960 540 0.0121002
164 SIMPLE_RADIAL 1920 1080 1511.38 960 540 0.0214031
165 SIMPLE_RADIAL 1920 1080 1532.99 960 540 0.0157234
166 SIMPLE_RADIAL 1920 1080 1533.55 960 540 0.0127882
167 SIMPLE_RADIAL 1920 1080 1533.07 960 540 0.0120946
168 SIMPLE_RADIAL 1920 1080 1532.56 960 540 0.0106655
169 SIMPLE_RADIAL 1920 1080 1532.71 960 540 0.0106006
290 SIMPLE_RADIAL 1920 1080 1533.39 960 540 0.0118283
170 SIMPLE_RADIAL 1920 1080 1520.17 960 540 0.0254787
171 SIMPLE_RADIAL 1920 1080 1518.99 960 540 0.019293
300 SIMPLE_RADIAL 1920 1080 1530.96 960 540 0.0131999
172 SIMPLE_RADIAL 1920 1080 1529.16 960 540 0.00896653
173 SIMPLE_RADIAL 1920 1080 1526.62 960 540 0.0119525
294 SIMPLE_RADIAL 1920 1080 1531.62 960 540 0.0128239
174 SIMPLE_RADIAL 1920 1080 1517.51 960 540 0.0160965
175 SIMPLE_RADIAL 1920 1080 1519.94 960 540 0.0181964
288 SIMPLE_RADIAL 1920 1080 1533.91 960 540 0.0113423
176 SIMPLE_RADIAL 1920 1080 1527.43 960 540 0.00963493
177 SIMPLE_RADIAL 1920 1080 1526.27 960 540 0.00764122
298 SIMPLE_RADIAL 1920 1080 1530.63 960 540 0.0133372
178 SIMPLE_RADIAL 1920 1080 1527.19 960 540 0.00742517
179 SIMPLE_RADIAL 1920 1080 1526.3 960 540 0.00904495
308 SIMPLE_RADIAL 1920 1080 1528.11 960 540 0.0154391
180 SIMPLE_RADIAL 1920 1080 1528.03 960 540 0.009278
181 SIMPLE_RADIAL 1920 1080 1527.73 960 540 0.0104518
302 SIMPLE_RADIAL 1920 1080 1530.31 960 540 0.0134104
182 SIMPLE_RADIAL 1920 1080 1525.89 960 540 0.0146267
183 SIMPLE_RADIAL 1920 1080 1525.26 960 540 0.0133399
296 SIMPLE_RADIAL 1920 1080 1530.95 960 540 0.0133403
184 SIMPLE_RADIAL 1920 1080 1522.4 960 540 0.0131982
185 SIMPLE_RADIAL 1920 1080 1521.73 960 540 0.00964347
306 SIMPLE_RADIAL 1920 1080 1529.18 960 540 0.0142309
186 SIMPLE_RADIAL 1920 1080 1524.88 960 540 0.00824484
187 SIMPLE_RADIAL 1920 1080 1524.46 960 540 0.00711789
316 SIMPLE_RADIAL 1920 1080 1527.01 960 540 0.0152737
188 SIMPLE_RADIAL 1920 1080 1523.36 960 540 0.00825524
189 SIMPLE_RADIAL 1920 1080 1523.51 960 540 0.00823291
310 SIMPLE_RADIAL 1920 1080 1528.15 960 540 0.0153959
190 SIMPLE_RADIAL 1920 1080 1522.26 960 540 0.00878938
191 SIMPLE_RADIAL 1920 1080 1521.14 960 540 0.00994622
304 SIMPLE_RADIAL 1920 1080 1529.09 960 540 0.0139943
192 SIMPLE_RADIAL 1920 1080 1520.28 960 540 0.00985172
193 SIMPLE_RADIAL 1920 1080 1519.66 960 540 0.00965397
378 SIMPLE_RADIAL 1920 1080 1541.32 960 540 0.010395
194 SIMPLE_RADIAL 1920 1080 1519.05 960 540 0.00992095
195 SIMPLE_RADIAL 1920 1080 1518.5 960 540 0.0100605
324 SIMPLE_RADIAL 1920 1080 1531.44 960 540 0.00657816
196 SIMPLE_RADIAL 1920 1080 1518.74 960 540 0.0100658
197 SIMPLE_RADIAL 1920 1080 1518.66 960 540 0.0101064
382 SIMPLE_RADIAL 1920 1080 1542.47 960 540 0.0104962
198 SIMPLE_RADIAL 1920 1080 1519.05 960 540 0.0102751
199 SIMPLE_RADIAL 1920 1080 1520.04 960 540 0.0099227
376 SIMPLE_RADIAL 1920 1080 1542.22 960 540 0.0104423
200 SIMPLE_RADIAL 1920 1080 1519.75 960 540 0.010043
201 SIMPLE_RADIAL 1920 1080 1521.02 960 540 0.00940072
322 SIMPLE_RADIAL 1920 1080 1528.02 960 540 0.011011
202 SIMPLE_RADIAL 1920 1080 1520.46 960 540 0.0092518
203 SIMPLE_RADIAL 1920 1080 1520.76 960 540 0.0091201
332 SIMPLE_RADIAL 1920 1080 1524.08 960 540 0.0111321
204 SIMPLE_RADIAL 1920 1080 1520.99 960 540 0.00900079
205 SIMPLE_RADIAL 1920 1080 1521.21 960 540 0.00877522
326 SIMPLE_RADIAL 1920 1080 1528.25 960 540 0.00781901
206 SIMPLE_RADIAL 1920 1080 1522 960 540 0.00835955
207 SIMPLE_RADIAL 1920 1080 1522.49 960 540 0.00765229
320 SIMPLE_RADIAL 1920 1080 1527.84 960 540 0.0122026
208 SIMPLE_RADIAL 1920 1080 1522.81 960 540 0.00781905
209 SIMPLE_RADIAL 1920 1080 1523.19 960 540 0.00820969
330 SIMPLE_RADIAL 1920 1080 1526.55 960 540 0.00687743
210 SIMPLE_RADIAL 1920 1080 1523.42 960 540 0.00801591
211 SIMPLE_RADIAL 1920 1080 1523.91 960 540 0.00726077
340 SIMPLE_RADIAL 1920 1080 1527.57 960 540 0.0114314
212 SIMPLE_RADIAL 1920 1080 1524.35 960 540 0.00708519
213 SIMPLE_RADIAL 1920 1080 1525.57 960 540 0.00566866
334 SIMPLE_RADIAL 1920 1080 1520.92 960 540 0.0145011
214 SIMPLE_RADIAL 1920 1080 1525.68 960 540 0.00512363
215 SIMPLE_RADIAL 1920 1080 1525.53 960 540 0.00529612
328 SIMPLE_RADIAL 1920 1080 1524.12 960 540 0.0116788
216 SIMPLE_RADIAL 1920 1080 1523.22 960 540 0.00280409
217 SIMPLE_RADIAL 1920 1080 1514.34 960 540 0.0108527
338 SIMPLE_RADIAL 1920 1080 1525.9 960 540 0.0130257
218 SIMPLE_RADIAL 1920 1080 1506.48 960 540 0.0140675
219 SIMPLE_RADIAL 1920 1080 1519.84 960 540 0.00676571
348 SIMPLE_RADIAL 1920 1080 1526.76 960 540 0.0106457
220 SIMPLE_RADIAL 1920 1080 1570.53 960 540 -0.00730891
221 SIMPLE_RADIAL 1920 1080 1538.38 960 540 -0.031354
342 SIMPLE_RADIAL 1920 1080 1528.48 960 540 0.00980894
222 SIMPLE_RADIAL 1920 1080 1510.51 960 540 0.0117036
223 SIMPLE_RADIAL 1920 1080 1544.91 960 540 0.0176112
336 SIMPLE_RADIAL 1920 1080 1522.36 960 540 0.0150834
224 SIMPLE_RADIAL 1920 1080 1541.65 960 540 0.0161168
225 SIMPLE_RADIAL 1920 1080 1541.37 960 540 0.015401
282 SIMPLE_RADIAL 1920 1080 1533.1 960 540 0.0126643
226 SIMPLE_RADIAL 1920 1080 1534.2 960 540 0.00901761
227 SIMPLE_RADIAL 1920 1080 1524.66 960 540 0.0144493
356 SIMPLE_RADIAL 1920 1080 1533.75 960 540 0.00946445
228 SIMPLE_RADIAL 1920 1080 1526.57 960 540 0.0125741
229 SIMPLE_RADIAL 1920 1080 1545.91 960 540 0.0116207
286 SIMPLE_RADIAL 1920 1080 1534.66 960 540 0.0110474
230 SIMPLE_RADIAL 1920 1080 1546.6 960 540 0.0115097
231 SIMPLE_RADIAL 1920 1080 1540.64 960 540 0.0212396
280 SIMPLE_RADIAL 1920 1080 1533.28 960 540 0.0129853
232 SIMPLE_RADIAL 1920 1080 1533.74 960 540 0.0186285
233 SIMPLE_RADIAL 1920 1080 1530.97 960 540 0.0192924
354 SIMPLE_RADIAL 1920 1080 1530.52 960 540 0.00984515
234 SIMPLE_RADIAL 1920 1080 1528.84 960 540 0.020859
235 SIMPLE_RADIAL 1920 1080 1552.33 960 540 0.0284056
364 SIMPLE_RADIAL 1920 1080 1536.17 960 540 0.0150296
236 SIMPLE_RADIAL 1920 1080 1549.01 960 540 0.0308124
237 SIMPLE_RADIAL 1920 1080 1572.09 960 540 0.0695325
358 SIMPLE_RADIAL 1920 1080 1536.9 960 540 0.00647152
238 SIMPLE_RADIAL 1920 1080 1573.06 960 540 -0.00570581
239 SIMPLE_RADIAL 1920 1080 1434.03 960 540 0.0323296
352 SIMPLE_RADIAL 1920 1080 1528.72 960 540 0.00908279
240 SIMPLE_RADIAL 1920 1080 1430.78 960 540 0.0340911
241 SIMPLE_RADIAL 1920 1080 1414.59 960 540 0.075094
362 SIMPLE_RADIAL 1920 1080 1532.49 960 540 0.0117653
242 SIMPLE_RADIAL 1920 1080 1502.45 960 540 0.0236222
243 SIMPLE_RADIAL 1920 1080 1516.7 960 540 0.0107514
372 SIMPLE_RADIAL 1920 1080 1542.1 960 540 0.0102449
244 SIMPLE_RADIAL 1920 1080 1520.99 960 540 0.0144186
245 SIMPLE_RADIAL 1920 1080 1525.4 960 540 0.00689435
366 SIMPLE_RADIAL 1920 1080 1540.5 960 540 0.0166836
246 SIMPLE_RADIAL 1920 1080 1524.48 960 540 0.00785759
247 SIMPLE_RADIAL 1920 1080 1524.63 960 540 0.00876369
360 SIMPLE_RADIAL 1920 1080 1535.25 960 540 0.00824397
248 SIMPLE_RADIAL 1920 1080 1526.86 960 540 0.00533927
249 SIMPLE_RADIAL 1920 1080 1530.45 960 540 -1.74978e-05
370 SIMPLE_RADIAL 1920 1080 1542.33 960 540 0.0104886
250 SIMPLE_RADIAL 1920 1080 1533.05 960 540 -0.00159191
251 SIMPLE_RADIAL 1920 1080 1534.82 960 540 -0.00548113
380 SIMPLE_RADIAL 1920 1080 1541.04 960 540 0.0114788
252 SIMPLE_RADIAL 1920 1080 1539.17 960 540 -0.00115547
253 SIMPLE_RADIAL 1920 1080 1531.49 960 540 0.0161397
374 SIMPLE_RADIAL 1920 1080 1542.08 960 540 0.00999779
254 SIMPLE_RADIAL 1920 1080 1531.28 960 540 0.0166805
255 SIMPLE_RADIAL 1920 1080 1533.09 960 540 0.0129893
368 SIMPLE_RADIAL 1920 1080 1539.09 960 540 0.0202
257 SIMPLE_RADIAL 1920 1080 1534.24 960 540 0.0156323
259 SIMPLE_RADIAL 1920 1080 1533.38 960 540 0.0158568
261 SIMPLE_RADIAL 1920 1080 1533.54 960 540 0.0154399
263 SIMPLE_RADIAL 1920 1080 1533.73 960 540 0.014914
265 SIMPLE_RADIAL 1920 1080 1533.51 960 540 0.0147859
267 SIMPLE_RADIAL 1920 1080 1533.93 960 540 0.0140718
269 SIMPLE_RADIAL 1920 1080 1533.84 960 540 0.0135132
271 SIMPLE_RADIAL 1920 1080 1536.12 960 540 0.00883298
273 SIMPLE_RADIAL 1920 1080 1529.53 960 540 0.0154255
275 SIMPLE_RADIAL 1920 1080 1533.19 960 540 0.014562
277 SIMPLE_RADIAL 1920 1080 1528.83 960 540 0.0153209
279 SIMPLE_RADIAL 1920 1080 1529.02 960 540 0.0157021
281 SIMPLE_RADIAL 1920 1080 1532.88 960 540 0.0130876
283 SIMPLE_RADIAL 1920 1080 1533.27 960 540 0.0124049
285 SIMPLE_RADIAL 1920 1080 1534.43 960 540 0.0113839
287 SIMPLE_RADIAL 1920 1080 1534.04 960 540 0.0113519
289 SIMPLE_RADIAL 1920 1080 1533.84 960 540 0.0113491
291 SIMPLE_RADIAL 1920 1080 1533.22 960 540 0.0119357
293 SIMPLE_RADIAL 1920 1080 1532.44 960 540 0.0120683
295 SIMPLE_RADIAL 1920 1080 1530.76 960 540 0.0133475
297 SIMPLE_RADIAL 1920 1080 1530.66 960 540 0.0134366
299 SIMPLE_RADIAL 1920 1080 1531.13 960 540 0.0125491
301 SIMPLE_RADIAL 1920 1080 1530.72 960 540 0.0132493
303 SIMPLE_RADIAL 1920 1080 1529.78 960 540 0.0140926
305 SIMPLE_RADIAL 1920 1080 1529.08 960 540 0.0142754
307 SIMPLE_RADIAL 1920 1080 1528.7 960 540 0.0145571
309 SIMPLE_RADIAL 1920 1080 1527.88 960 540 0.0153516
311 SIMPLE_RADIAL 1920 1080 1527.98 960 540 0.0155234
313 SIMPLE_RADIAL 1920 1080 1527.26 960 540 0.0156161
315 SIMPLE_RADIAL 1920 1080 1527.07 960 540 0.0158892
317 SIMPLE_RADIAL 1920 1080 1527 960 540 0.0149932
319 SIMPLE_RADIAL 1920 1080 1527.69 960 540 0.0133693
321 SIMPLE_RADIAL 1920 1080 1527.86 960 540 0.0119321
323 SIMPLE_RADIAL 1920 1080 1528.64 960 540 0.00969699
325 SIMPLE_RADIAL 1920 1080 1530.64 960 540 0.00605131
327 SIMPLE_RADIAL 1920 1080 1524.18 960 540 0.0116751
329 SIMPLE_RADIAL 1920 1080 1527.27 960 540 0.00796243
331 SIMPLE_RADIAL 1920 1080 1526.34 960 540 0.00602254
333 SIMPLE_RADIAL 1920 1080 1521.28 960 540 0.0142311
335 SIMPLE_RADIAL 1920 1080 1521.26 960 540 0.0158506
337 SIMPLE_RADIAL 1920 1080 1525.38 960 540 0.013849
339 SIMPLE_RADIAL 1920 1080 1527.76 960 540 0.0125746
341 SIMPLE_RADIAL 1920 1080 1527.84 960 540 0.01062
343 SIMPLE_RADIAL 1920 1080 1527.89 960 540 0.0101596
344 SIMPLE_RADIAL 1920 1080 1526.05 960 540 0.0120335
345 SIMPLE_RADIAL 1920 1080 1526.23 960 540 0.0115048
346 SIMPLE_RADIAL 1920 1080 1526.17 960 540 0.0112375
347 SIMPLE_RADIAL 1920 1080 1527.13 960 540 0.010451
349 SIMPLE_RADIAL 1920 1080 1526.97 960 540 0.0100699
350 SIMPLE_RADIAL 1920 1080 1528.08 960 540 0.0104731
351 SIMPLE_RADIAL 1920 1080 1529.21 960 540 0.00860668
353 SIMPLE_RADIAL 1920 1080 1530.34 960 540 0.00908318
355 SIMPLE_RADIAL 1920 1080 1532.07 960 540 0.00900747
357 SIMPLE_RADIAL 1920 1080 1535.65 960 540 0.00819785
359 SIMPLE_RADIAL 1920 1080 1535.93 960 540 0.00901486
361 SIMPLE_RADIAL 1920 1080 1534.63 960 540 0.0093538
363 SIMPLE_RADIAL 1920 1080 1532.6 960 540 0.0136667
365 SIMPLE_RADIAL 1920 1080 1540.43 960 540 0.0155381
367 SIMPLE_RADIAL 1920 1080 1539.18 960 540 0.0204415
369 SIMPLE_RADIAL 1920 1080 1540.62 960 540 0.0130926
371 SIMPLE_RADIAL 1920 1080 1543.76 960 540 0.00875912
373 SIMPLE_RADIAL 1920 1080 1542.06 960 540 0.0100516
375 SIMPLE_RADIAL 1920 1080 1541.93 960 540 0.0100413
377 SIMPLE_RADIAL 1920 1080 1542.25 960 540 0.0105608
379 SIMPLE_RADIAL 1920 1080 1541.6 960 540 0.0105028
381 SIMPLE_RADIAL 1920 1080 1540.99 960 540 0.0108517
383 SIMPLE_RADIAL 1920 1080 1541.95 960 540 0.0109756
384 SIMPLE_RADIAL 1920 1080 1541.97 960 540 0.0110184
386 SIMPLE_RADIAL 1920 1080 1542.25 960 540 0.00988899
388 SIMPLE_RADIAL 1920 1080 1541.16 960 540 0.0107716
390 SIMPLE_RADIAL 1920 1080 1540.98 960 540 0.0100748
392 SIMPLE_RADIAL 1920 1080 1540.91 960 540 0.00951788
394 SIMPLE_RADIAL 1920 1080 1540.98 960 540 0.00893042
396 SIMPLE_RADIAL 1920 1080 1540.52 960 540 0.0090974
398 SIMPLE_RADIAL 1920 1080 1538.27 960 540 0.00965727
399 SIMPLE_RADIAL 1920 1080 1536.55 960 540 0.0106833
400 SIMPLE_RADIAL 1920 1080 1534.88 960 540 0.0116523
